#         t          x          y          z         vx         vy         vz
      0.000    -98.560   -120.020   -127.790    -28.240    173.930     91.530
      0.100   -101.038   -102.242   -118.211    -21.321    181.636    100.059
      0.200   -102.737    -83.683   -107.724    -12.651    189.545    109.672
      0.300   -103.453    -64.334    -96.214     -1.675    197.421    120.528
      0.400   -102.919    -44.224    -83.550     12.352    204.793    132.744
      0.500   -100.783    -23.446    -69.599     30.362    210.761    146.277
      0.600    -96.599     -2.222    -54.252     53.323    213.720    160.670
      0.700    -89.850     19.020    -37.489     81.662    211.119    174.587
      0.800    -80.069     39.571    -19.491    113.960    199.901    185.368
      0.900    -67.087     58.498     -0.741    145.681    178.639    189.630
      1.000    -51.262     74.938     18.032    170.807    150.157    185.836
      1.100    -33.408     88.453     36.116    186.271    120.148    175.842
      1.200    -14.437     99.107     53.052    193.159     92.941    162.882
      1.300      4.930    107.259     68.666    194.181     70.096    149.393
      1.400     24.225    113.339     82.965    191.705     51.494    136.599
      1.500     43.175    117.736     96.042    187.305     36.446    124.938
      1.600     61.637    120.769    108.013    181.926     24.221    114.476
      1.700     79.539    122.690    118.993    176.111     14.197    105.129
      1.800     96.852    123.694    129.088    170.163      5.893     96.767
      1.900    113.573    123.936    138.389    164.254     -1.060     89.257
      2.000    129.710    123.536    146.976    158.475     -6.939     82.479
      2.100    145.277    122.592    154.916    152.871    -11.955     76.327
      2.200    160.294    121.180    162.268    147.464    -16.269     70.714
      2.300    174.780    119.366    169.082    142.258    -20.007     65.566
      2.400    188.755    117.203    175.402    137.252    -23.266     60.822
      2.500    202.240    114.733    181.264    132.437    -26.123     56.430
      2.600    215.252    111.995    186.703    127.804    -28.640     52.346
      2.700    227.809    109.020    191.747    123.342    -30.867     48.534
      2.800    239.928    105.834    196.422    119.040    -32.843     44.964
      2.900    251.625    102.462    200.750    114.887    -34.604     41.608
      3.000    262.913     98.923    204.753    110.873    -36.176     38.444
      3.100    273.806     95.235    208.448    106.987    -37.582     35.452
      3.200    284.316     91.414    211.851    103.221    -38.843     32.616
      3.300    294.455     87.473    214.978     99.566    -39.973     29.920
      3.400    304.234     83.425    217.842     96.014    -40.988     27.352
      3.500    313.663     79.281    220.454     92.558    -41.899     24.900
      3.600    322.750     75.050    222.827     89.190    -42.716     22.554
      3.700    331.505     70.742    224.970     85.906    -43.448     20.306
      3.800    339.935     66.364    226.893     82.698    -44.104     18.147
      3.900    348.048     61.924    228.603     79.562    -44.689     16.070
      4.000    355.851     57.429    230.110     76.492    -45.210     14.069
      4.100    363.350     52.885    231.421     73.484    -45.672     12.139
      4.200    370.551     48.298    232.542     70.534    -46.080     10.274
      4.300    377.459     43.672    233.479     67.638    -46.436      8.469
      4.400    384.081     39.013    234.238     64.792    -46.746      6.721
      4.500    390.420     34.325    234.825     61.992    -47.011      5.025
      4.600    396.481     29.613    235.246     59.236    -47.236      3.378
      4.700    402.269     24.880    235.503     56.520    -47.422      1.777
      4.800    407.787     20.130    235.603     53.841    -47.571      0.219
      4.900    413.039     15.367    235.549     51.197    -47.686     -1.298
      5.000    418.028     10.595    235.345     48.586    -47.768     -2.779
      5.100    422.758      5.815    234.995     46.004    -47.819     -4.223
      5.200    427.231      1.032    234.502     43.449    -47.840     -5.634
      5.300    431.449     -3.751    233.870     40.920    -47.832     -7.014
      5.400    435.416     -8.533    233.101     38.414    -47.797     -8.364
      5.500    439.133    -13.309    232.199     35.929    -47.736     -9.687
      5.600    442.602    -18.079    231.165     33.463    -47.648    -10.983
      5.700    445.826    -22.838    230.003     31.014    -47.536    -12.254
      5.800    448.806    -27.584    228.715     28.582    -47.399    -13.502
      5.900    451.543    -32.316    227.304     26.163    -47.239    -14.727
      6.000    454.039    -37.031    225.771     23.756    -47.055    -15.931
      6.100    456.295    -41.726    224.119     21.360    -46.848    -17.116
      6.200    458.312    -46.399    222.349     18.973    -46.618    -18.281
      6.300    460.090    -51.049    220.463     16.593    -46.366    -19.429
      6.400    461.630    -55.672    218.464     14.219    -46.092    -20.560
      6.500    462.934    -60.266    216.352     11.849    -45.795    -21.674
      6.600    464.000    -64.830    214.130      9.482    -45.476    -22.774
      6.700    464.830    -69.360    211.798      7.116    -45.135    -23.859
      6.800    465.424    -73.855    209.359      4.751    -44.771    -24.930
      6.900    465.780    -78.313    206.813      2.383    -44.385    -25.988
      7.000    465.900    -82.731    204.162      0.013    -43.975    -27.034
      7.100    465.783    -87.107    201.407     -2.363    -43.543    -28.069
      7.200    465.427    -91.439    198.549     -4.744    -43.087    -29.092
      7.300    464.833    -95.723    195.589     -7.134    -42.606    -30.104
      7.400    464.000    -99.959    192.528     -9.532    -42.102    -31.107
      7.500    462.926   -104.142    189.368    -11.942    -41.572    -32.100
      7.600    461.611   -108.272    186.109    -14.364    -41.016    -33.084
      7.700    460.053   -112.344    182.752    -16.800    -40.433    -34.059
      7.800    458.250   -116.357    179.297    -19.252    -39.823    -35.026
      7.900    456.202   -120.307    175.747    -21.722    -39.184    -35.985
      8.000    453.905   -124.192    172.101    -24.211    -38.516    -36.937
      8.100    451.358   -128.009    168.360    -26.722    -37.817    -37.881
      8.200    448.560   -131.754    164.525    -29.256    -37.086    -38.819
      8.300    445.506   -135.424    160.596    -31.816    -36.321    -39.750
      8.400    442.195   -139.016    156.575    -34.404    -35.522    -40.675
      8.500    438.624   -142.527    152.462    -37.022    -34.686    -41.594
      8.600    434.789   -145.952    148.257    -39.672    -33.811    -42.507
      8.700    430.688   -149.287    143.961    -42.357    -32.896    -43.414
      8.800    426.316   -152.529    139.574    -45.080    -31.938    -44.315
      8.900    421.670   -155.672    135.098    -47.843    -30.934    -45.210
      9.000    416.745   -158.713    130.532    -50.650    -29.882    -46.100
      9.100    411.537   -161.646    125.878    -53.503    -28.779    -46.984
      9.200    406.042   -164.466    121.136    -56.407    -27.622    -47.861
      9.300    400.253   -167.168    116.306    -59.365    -26.406    -48.733
      9.400    394.166   -169.744    111.390    -62.381    -25.128    -49.598
      9.500    387.774   -172.190    106.387    -65.459    -23.783    -50.455
      9.600    381.071   -174.497    101.299    -68.604    -22.366    -51.306
      9.700    374.050   -176.659     96.126    -71.821    -20.871    -52.147
      9.800    366.703   -178.667     90.870    -75.115    -19.291    -52.979
      9.900    359.022   -180.513     85.531    -78.493    -17.621    -53.801
     10.000    351.000   -182.187     80.111    -81.960    -15.851    -54.610
